0 1 1
0 2 2
0 3 1
0 4 2
0 5 1
0 6 6
0 7 6
0 8 1
0 9 4
0 10 3
0 11 2
1 0 1
1 7 3
1 12 1
1 13 2
1 14 6
1 15 2
1 16 1
1 17 3
1 18 1
1 19 4
1 20 9
1 21 11
1 22 2
1 23 5
1 24 1
1 25 2
1 26 2
1 27 16
1 28 2
1 29 7
1 30 1
1 31 1
1 32 3
1 33 3
1 34 1
1 35 1
1 36 2
1 37 1
1 38 2
2 0 2
2 4 48
2 7 2
2 8 1
2 13 6
2 14 4
2 39 6
2 40 3
2 41 3
2 42 2
2 15 3
2 17 25
2 43 2
2 44 1
2 45 1
2 46 2
2 47 1
2 18 1
2 48 5
2 49 2
2 50 1
2 51 72
2 52 2
2 53 37
2 26 18
2 54 1
2 55 4
2 56 9
2 57 3
2 58 2
2 59 2
2 60 4
2 61 2
2 62 4
2 63 4
2 64 9
2 65 12
2 66 9
2 67 2
2 68 7
2 69 14
2 70 5
2 71 2
2 72 2
2 73 4
2 74 10
2 75 1
2 76 10
2 77 14
2 78 2
2 79 3
2 80 4
2 81 4
2 82 6
2 83 4
2 84 2
2 85 12
2 86 2
2 87 2
2 35 7
2 88 7
2 11 3
2 89 2
2 90 6
2 91 6
2 92 11
2 93 1
2 94 4
2 95 2
2 96 1
2 97 3
2 98 27
2 99 6
2 100 7
3 0 1
3 5 4
3 7 4
3 8 1
3 101 4
3 13 48
3 102 2
3 103 4
3 104 14
3 105 1
3 106 5
3 107 1
3 41 1
3 108 3
3 109 2
3 43 3
3 110 8
3 111 6
3 112 2
3 113 2
3 46 4
3 18 1
3 114 1
3 20 4
3 49 1
3 50 1
3 115 1
3 53 3
3 116 8
3 54 5
3 57 2
3 58 1
3 62 12
3 63 6
3 64 4
3 65 1
3 71 2
3 74 3
3 75 8
3 79 2
3 80 5
3 81 1
3 83 1
3 87 17
3 117 1
3 36 1
3 118 6
3 119 1
3 120 2
3 121 1
3 94 3
3 97 1
4 0 2
4 2 48
4 8 2
4 9 2
4 102 5
4 122 3
4 123 19
4 104 1
4 124 2
4 125 1
4 126 5
4 42 1
4 127 5
4 128 3
4 109 2
4 17 3
4 44 3
4 110 6
4 112 2
4 47 3
4 19 4
4 20 1
4 48 2
4 51 1
4 129 4
4 53 1
4 116 6
4 130 1
4 54 5
4 57 2
4 58 1
4 62 12
4 63 6
4 64 4
4 65 1
4 71 2
4 74 2
4 75 8
4 131 17
4 79 2
4 80 5
4 81 1
4 83 1
4 132 1
4 117 1
4 36 1
4 118 6
4 119 1
4 89 1
4 90 3
4 91 3
4 120 1
4 94 2
4 96 1
5 0 1
5 3 4
5 8 9
5 9 1
5 12 1
5 101 1
5 13 3
5 133 4
5 102 4
5 134 1
5 135 1
5 136 1
5 25 3
5 11 2
6 0 6
6 7 2
6 133 1
6 137 12
6 138 1
6 103 1
6 139 2
6 140 3
6 141 8
6 142 5
6 143 9
6 144 8
6 145 14
6 105 1
6 125 4
6 134 9
6 15 1
6 146 7
6 16 11
6 147 11
6 148 20
6 149 1
6 111 1
6 150 1
6 47 10
6 136 1
6 151 12
6 152 4
6 20 7
6 48 2
6 153 1
6 49 2
6 29 1
6 116 2
6 11 2
6 154 2
7 0 6
7 1 3
7 2 2
7 3 4
7 6 2
7 9 1
7 104 10
7 106 1
7 134 5
7 155 1
7 146 1
7 109 1
7 110 6
7 111 1
7 47 12
7 152 4
7 27 1
7 10 2
8 0 1
8 2 1
8 3 1
8 4 2
8 5 9
8 102 1
8 156 3
8 41 5
8 108 2
8 42 7
8 19 2
8 136 2
8 20 1
8 157 1
8 35 6
8 36 2
8 89 2
8 120 1
8 37 1
8 158 1
9 0 4
9 4 2
9 5 1
9 7 1
9 159 4
9 125 2
9 41 6
9 42 4
9 136 1
9 151 2
9 20 2
9 49 1
9 35 5
9 36 3
9 120 4
9 160 1
9 161 1
12 1 1
12 5 1
12 133 5
12 102 5
12 19 13
12 22 4
12 24 5
12 162 7
12 29 12
12 30 2
12 31 14
12 34 1
12 163 4
101 3 4
101 5 1
101 13 2
101 133 6
101 102 10
101 164 1
101 108 7
101 165 3
101 136 1
101 51 1
101 116 1
13 1 2
13 2 6
13 3 48
13 5 3
13 101 2
13 102 1
13 14 3
13 39 5
13 40 5
13 41 2
13 42 5
13 17 2
13 166 1
13 43 25
13 111 1
13 113 1
13 167 5
13 49 1
13 23 2
13 115 72
13 129 2
13 53 7
13 26 13
13 27 2
13 28 5
13 168 1
13 116 3
13 31 1
13 54 1
13 55 4
13 56 9
13 57 3
13 58 2
13 59 2
13 60 4
13 61 2
13 62 4
13 63 4
13 64 9
13 65 12
13 66 9
13 67 2
13 68 7
13 69 14
13 70 5
13 71 3
13 72 2
13 73 10
13 169 2
13 74 36
13 75 1
13 131 2
13 76 10
13 77 14
13 78 2
13 79 3
13 80 4
13 81 4
13 82 6
13 83 4
13 84 2
13 85 3
13 35 5
13 88 7
13 11 5
13 89 2
13 170 15
13 94 10
13 96 3
13 97 2
13 38 2
13 171 27
13 99 9
13 172 1
13 100 7
13 173 1
13 174 5
133 5 4
133 6 1
133 12 5
133 101 6
133 102 3
133 137 10
133 140 3
133 141 6
133 142 7
133 143 10
133 144 11
133 145 10
133 126 1
133 134 12
133 41 1
133 108 8
133 135 1
133 146 10
133 16 10
133 147 20
133 148 6
133 149 1
133 165 12
133 19 7
133 136 6
133 50 1
133 23 4
133 175 3
133 116 1
133 31 2
133 11 3
133 154 5
102 3 2
102 4 5
102 5 4
102 8 1
102 12 5
102 101 10
102 13 1
102 133 3
102 123 7
102 126 2
102 164 1
102 134 5
102 155 1
102 127 2
102 147 2
102 128 1
102 43 1
102 110 3
102 50 5
102 51 1
102 25 1
102 168 1
102 10 1
102 35 1
122 4 3
122 14 1
122 176 2
122 123 6
122 177 5
122 39 6
122 40 4
122 178 1
122 137 3
122 159 1
122 138 2
122 179 2
122 134 1
122 110 2
122 121 1
14 1 6
14 2 4
14 13 3
14 122 1
14 177 1
14 178 1
14 146 2
14 17 1
14 112 1
14 46 2
14 21 5
14 50 1
14 22 3
14 23 2
14 115 1
14 51 4
14 129 1
14 175 2
14 38 1
176 122 2
176 123 1
176 177 2
176 178 7
176 137 11
176 124 1
176 180 1
176 181 10
176 126 2
176 135 6
123 4 19
123 102 7
123 122 6
123 176 1
123 137 7
123 141 1
123 142 1
123 144 2
123 182 2
123 41 2
123 127 4
123 15 2
123 146 3
123 16 4
123 147 4
123 128 1
177 122 5
177 14 1
177 176 2
177 39 1
177 178 2
177 143 4
177 134 5
177 107 8
177 135 2
177 183 3
177 165 1
39 2 6
39 13 5
39 122 6
39 177 1
39 103 2
39 106 4
39 107 1
39 108 1
39 184 1
39 127 1
39 146 3
39 16 4
39 147 1
39 45 2
39 52 1
39 27 2
39 168 1
39 154 1
39 185 1
40 2 3
40 13 5
40 122 4
40 103 4
40 186 1
40 125 1
40 187 1
40 188 1
40 106 2
40 184 1
40 189 1
40 127 3
40 146 2
40 16 3
40 147 1
40 148 2
40 190 1
40 166 1
40 114 1
40 52 1
40 97 1
178 122 1
178 14 1
178 176 7
178 177 2
178 179 3
178 191 3
178 180 4
178 164 9
178 187 2
178 192 3
178 134 5
178 135 11
178 127 2
178 18 2
178 23 1
137 6 12
137 133 10
137 122 3
137 176 11
137 123 7
137 124 3
137 142 1
137 181 8
137 143 17
137 145 1
137 105 3
137 126 4
137 106 1
137 184 3
137 147 2
137 109 2
137 110 1
137 111 1
137 154 1
137 193 1
159 9 4
159 122 1
159 181 8
159 145 1
159 106 4
159 41 1
159 38 2
138 6 1
138 122 2
138 190 1
138 113 1
138 194 1
138 154 2
179 122 2
179 178 3
179 181 9
179 195 1
179 182 1
179 196 2
179 135 4
103 3 4
103 6 1
103 39 2
103 40 4
103 197 1
103 198 2
103 139 1
103 104 11
103 186 3
103 199 1
103 140 1
103 141 2
103 156 2
103 200 2
103 201 1
103 202 1
103 134 2
103 110 1
103 193 1
197 103 1
197 153 1
197 50 2
197 203 10
197 10 1
197 204 2
198 103 2
198 139 6
198 104 1
198 186 1
198 199 8
198 141 11
198 180 1
198 181 10
198 105 1
198 111 1
139 6 2
139 103 1
139 198 6
139 186 3
139 199 14
139 201 3
139 195 2
139 182 3
139 125 1
139 134 4
139 196 3
104 3 14
104 4 1
104 7 10
104 103 11
104 198 1
104 141 10
104 205 3
104 143 3
104 144 3
104 145 1
104 195 2
104 106 8
104 206 3
104 42 2
104 146 1
104 16 1
104 147 3
104 148 3
104 110 1
104 52 1
104 170 1
186 40 1
186 103 3
186 198 1
186 139 3
186 199 1
186 142 3
186 195 1
186 125 1
186 134 8
186 206 7
186 207 3
199 103 1
199 198 8
199 139 14
199 186 1
199 201 4
199 180 3
199 205 7
199 125 3
199 188 12
199 134 5
199 208 3
199 184 2
199 114 1
199 209 1
140 6 3
140 133 3
140 103 1
140 200 3
140 142 1
140 181 4
140 144 2
140 41 1
140 15 3
140 16 1
140 148 1
140 210 1
141 6 8
141 133 6
141 123 1
141 103 2
141 198 11
141 104 10
141 142 16
141 181 10
141 144 1
141 105 4
141 187 4
141 192 1
141 128 4
141 148 1
141 190 1
141 111 4
141 121 1
156 8 3
156 103 2
156 181 7
156 195 1
156 184 1
156 127 4
156 113 2
156 161 1
156 38 1
200 103 2
200 140 3
200 125 1
200 189 1
200 194 1
200 120 1
201 103 1
201 139 3
201 199 4
201 142 1
201 181 9
201 195 2
201 105 1
201 196 2
201 206 1
202 103 1
202 134 1
202 112 3
202 25 1
202 10 1
202 211 1
202 212 1
202 130 2
202 204 1
202 95 1
191 178 3
191 124 2
191 180 2
191 142 6
191 181 4
191 164 7
191 192 2
191 127 4
124 4 2
124 176 1
124 137 3
124 191 2
124 142 4
124 181 10
124 143 2
124 144 1
124 145 3
124 195 1
124 107 1
124 41 1
124 127 1
124 190 1
180 176 1
180 178 4
180 198 1
180 199 3
180 191 2
180 205 1
180 148 1
180 17 4
180 43 3
180 46 2
180 129 2
180 53 1
180 116 3
180 70 1
180 71 1
180 169 2
180 74 2
180 75 1
180 85 1
180 86 3
180 213 3
180 214 2
180 160 1
180 215 1
142 6 5
142 133 7
142 123 1
142 137 1
142 186 3
142 140 1
142 141 16
142 201 1
142 191 6
142 124 4
142 181 7
142 105 1
142 127 3
142 128 5
142 44 1
142 111 3
142 113 4
181 176 10
181 137 8
181 159 8
181 179 9
181 198 10
181 140 4
181 141 10
181 156 7
181 201 9
181 191 4
181 124 10
181 142 7
181 205 8
181 143 9
181 144 11
181 145 4
181 195 14
181 105 12
181 182 11
181 192 6
181 155 10
181 208 6
181 196 5
181 146 3
181 16 3
181 147 3
181 148 2
181 166 9
181 44 3
181 45 9
181 113 5
181 216 1
181 217 29
181 218 4
181 210 4
181 27 4
181 168 4
181 219 5
181 34 24
181 54 1
181 55 15
181 56 15
181 57 15
181 58 15
181 59 15
181 60 15
181 61 15
181 62 10
181 63 29
181 64 29
181 65 29
181 66 29
181 67 29
181 68 29
181 69 29
181 70 29
181 71 22
181 72 22
181 76 10
181 77 10
181 78 14
181 79 10
181 80 31
181 81 10
181 82 10
181 83 10
181 84 8
181 132 6
181 220 10
181 117 25
181 221 25
181 222 22
181 36 5
181 118 10
181 119 8
181 223 2
181 224 8
181 225 2
181 90 7
181 91 7
181 154 5
181 185 4
181 37 5
181 226 29
181 227 8
181 228 8
181 229 22
181 230 25
181 215 22
181 231 29
181 232 25
181 233 23
181 234 10
181 235 10
181 236 8
181 237 30
181 238 8
181 239 1
181 240 1
181 241 22
181 242 18
181 243 18
181 244 18
181 245 18
181 246 18
181 247 18
181 248 18
181 249 25
181 250 25
181 251 15
181 252 25
181 253 15
181 254 25
181 255 15
181 256 29
181 257 29
181 258 29
181 259 22
181 260 10
181 261 18
181 262 18
181 263 4
181 264 8
181 265 11
181 266 1
181 267 1
181 268 1
181 269 1
181 270 1
181 271 1
181 272 1
181 273 1
181 274 1
181 275 1
205 104 3
205 199 7
205 180 1
205 181 8
205 143 8
205 105 1
205 188 7
205 106 5
143 6 9
143 133 10
143 177 4
143 137 17
143 104 3
143 124 2
143 181 9
143 205 8
143 105 4
143 126 2
143 106 2
143 208 1
143 276 1
143 109 4
143 44 4
143 154 1
144 6 8
144 133 11
144 123 2
144 104 3
144 140 2
144 141 1
144 124 1
144 181 11
144 145 3
144 105 4
144 107 3
144 41 2
144 206 1
144 189 1
144 44 3
144 110 2
144 113 1
144 27 2
144 168 1
144 37 6
145 6 14
145 133 10
145 137 1
145 159 1
145 104 1
145 124 3
145 181 4
145 144 3
145 105 1
145 125 1
145 107 1
145 42 2
145 189 1
145 44 3
145 110 5
145 112 1
145 113 3
145 27 1
145 168 3
145 154 1
145 185 2
145 120 1
145 37 1
195 179 1
195 139 2
195 104 2
195 186 1
195 156 1
195 201 2
195 124 1
195 181 14
195 164 4
195 188 2
195 134 1
195 208 1
195 107 2
195 135 5
105 3 1
105 6 1
105 137 3
105 198 1
105 141 4
105 201 1
105 142 1
105 181 12
105 205 1
105 143 4
105 144 4
105 145 1
105 182 2
105 125 1
105 106 1
105 206 1
105 189 3
182 123 2
182 179 1
182 139 3
182 181 11
182 105 2
182 164 4
182 192 1
182 188 3
182 206 2
182 135 2
125 4 1
125 6 4
125 9 2
125 40 1
125 139 1
125 186 1
125 199 3
125 200 1
125 145 1
125 105 1
125 189 7
125 17 1
125 43 1
125 44 1
125 47 5
125 136 2
125 151 1
126 4 5
126 133 1
126 102 2
126 176 2
126 137 4
126 143 2
126 134 1
126 147 4
126 277 1
126 43 1
126 110 1
164 101 1
164 102 1
164 178 9
164 191 7
164 195 4
164 182 4
164 187 2
164 192 3
187 40 1
187 178 2
187 141 4
187 164 2
187 134 3
187 107 6
187 127 6
187 277 3
192 178 3
192 141 1
192 191 2
192 181 6
192 182 1
192 164 3
192 127 2
192 95 1
188 40 1
188 199 12
188 205 7
188 195 2
188 182 3
188 106 1
188 134 1
188 155 1
188 208 3
106 3 5
106 7 1
106 39 4
106 40 2
106 137 1
106 159 4
106 104 8
106 205 5
106 143 2
106 105 1
106 188 1
106 134 1
106 208 1
106 42 1
106 184 5
106 189 3
106 109 1
106 166 1
106 44 1
106 149 1
106 110 2
106 167 1
106 193 1
134 5 1
134 6 9
134 7 5
134 133 12
134 102 5
134 122 1
134 177 5
134 178 5
134 103 2
134 139 4
134 186 8
134 199 5
134 202 1
134 195 1
134 126 1
134 187 3
134 188 1
134 106 1
134 107 9
134 41 2
134 196 1
134 206 6
134 42 1
134 184 3
134 135 2
134 127 1
134 111 1
134 47 1
134 19 6
134 151 1
134 20 4
134 36 1
155 7 1
155 102 1
155 181 10
155 188 1
155 208 1
155 166 3
155 45 4
155 216 1
208 199 3
208 181 6
208 143 1
208 195 1
208 188 3
208 106 1
208 155 1
208 109 1
208 167 1
107 3 1
107 177 8
107 39 1
107 124 1
107 144 3
107 145 1
107 195 2
107 187 6
107 134 9
107 41 4
107 196 2
107 108 2
41 2 3
41 3 1
41 8 5
41 9 6
41 13 2
41 133 1
41 123 2
41 159 1
41 140 1
41 124 1
41 144 2
41 134 2
41 107 4
41 42 2
41 127 1
41 207 1
41 190 1
41 166 1
41 113 3
41 150 1
41 167 1
41 18 1
41 26 3
41 154 1
41 278 1
41 95 5
196 179 2
196 139 3
196 201 2
196 181 5
196 134 1
196 107 2
196 206 1
196 135 1
196 16 1
196 218 5
196 210 3
196 36 1
196 154 1
108 3 3
108 8 2
108 101 7
108 133 8
108 39 1
108 107 2
108 190 4
108 17 2
108 113 1
108 46 2
108 136 5
108 11 1
206 104 3
206 186 7
206 201 1
206 144 1
206 105 1
206 182 2
206 134 6
206 196 1
206 42 2
206 184 1
206 189 2
42 2 2
42 4 1
42 8 7
42 9 4
42 13 5
42 104 2
42 145 2
42 106 1
42 134 1
42 41 2
42 206 2
42 44 2
42 167 1
42 46 1
42 114 1
42 51 1
42 26 3
42 213 3
42 92 1
42 160 1
42 94 4
184 39 1
184 40 1
184 137 3
184 199 2
184 156 1
184 106 5
184 134 3
184 206 1
184 276 2
189 40 1
189 200 1
189 144 1
189 145 1
189 105 3
189 125 7
189 106 3
189 206 2
189 43 1
189 44 1
189 149 1
189 45 1
135 5 1
135 133 1
135 176 6
135 177 2
135 178 11
135 179 4
135 195 5
135 182 2
135 134 2
135 196 1
127 4 5
127 102 2
127 123 4
127 39 1
127 40 3
127 178 2
127 156 4
127 191 4
127 124 1
127 142 3
127 187 6
127 192 2
127 134 1
127 41 1
127 128 2
127 190 3
127 45 1
127 110 2
127 113 4
127 150 1
127 121 3
15 1 2
15 2 3
15 6 1
15 123 2
15 140 3
15 113 1
15 167 1
15 210 4
15 50 1
15 27 5
15 168 5
15 219 4
15 116 1
15 120 1
15 37 1
15 279 3
146 6 7
146 7 1
146 133 10
146 14 2
146 123 3
146 39 3
146 40 2
146 104 1
146 181 3
146 147 3
146 128 1
146 109 4
146 110 1
146 50 3
146 27 2
146 154 2
146 92 6
146 160 1
16 1 1
16 6 11
16 133 10
16 123 4
16 39 4
16 40 3
16 104 1
16 140 1
16 181 3
16 196 1
16 128 2
16 148 4
16 109 1
16 110 1
16 27 3
16 168 5
16 170 6
16 160 2
16 161 1
147 6 11
147 133 20
147 102 2
147 123 4
147 39 1
147 40 1
147 137 2
147 104 3
147 181 3
147 126 4
147 146 3
147 110 1
147 114 2
147 154 3
147 160 1
128 4 3
128 102 1
128 123 1
128 141 4
128 142 5
128 127 2
128 146 1
128 16 2
148 6 20
148 133 6
148 40 2
148 104 3
148 140 1
148 141 1
148 180 1
148 181 2
148 16 4
148 110 1
148 111 3
148 18 2
148 168 1
148 158 1
148 161 1
277 126 1
277 187 3
277 111 1
277 113 2
277 53 2
277 194 1
277 213 1
276 143 1
276 184 2
276 111 1
276 74 1
276 194 1
183 177 3
183 194 1
207 186 3
207 41 1
207 194 1
109 3 2
109 4 2
109 7 1
109 137 2
109 143 4
109 106 1
109 208 1
109 146 4
109 16 1
190 40 1
190 138 1
190 141 1
190 124 1
190 41 1
190 108 4
190 127 3
190 17 1
190 166 1
17 1 3
17 2 25
17 4 3
17 13 2
17 14 1
17 180 4
17 125 1
17 108 2
17 190 1
17 43 4
17 46 4
17 18 4
17 114 3
17 49 3
17 23 6
17 115 1
17 51 3
17 129 1
17 175 1
17 52 1
17 157 1
17 53 4
17 26 4
17 27 2
17 168 2
17 116 1
17 34 1
17 54 1
17 55 2
17 58 2
17 59 2
17 60 1
17 61 2
17 66 1
17 74 9
17 76 1
17 81 1
17 132 1
17 220 1
17 117 1
17 194 6
17 35 1
17 223 1
17 11 4
17 225 5
17 89 5
17 209 1
17 213 6
17 120 1
17 278 10
17 94 4
17 96 4
17 38 5
166 13 1
166 40 1
166 181 9
166 106 1
166 155 3
166 41 1
166 190 1
166 20 5
166 175 1
166 116 2
166 36 1
166 280 2
166 170 2
166 160 1
166 158 2
43 2 2
43 3 3
43 13 25
43 102 1
43 180 3
43 125 1
43 126 1
43 189 1
43 17 4
43 44 1
43 113 2
43 46 1
43 18 5
43 114 4
43 48 3
43 153 2
43 49 7
43 50 3
43 115 3
43 51 1
43 129 5
43 52 2
43 53 16
43 26 5
43 27 5
43 168 3
43 130 2
43 54 1
43 55 2
43 58 2
43 59 2
43 60 1
43 61 2
43 66 1
43 74 6
43 76 1
43 81 1
43 132 1
43 220 1
43 117 1
43 194 6
43 221 1
43 280 2
43 223 8
43 11 5
43 89 6
43 90 3
43 209 16
43 213 5
43 91 3
43 278 1
43 94 2
43 38 4
44 2 1
44 4 3
44 142 1
44 181 3
44 143 4
44 144 3
44 145 3
44 125 1
44 106 1
44 42 2
44 189 1
44 43 1
44 136 1
44 114 1
44 48 3
44 115 1
44 129 1
44 34 1
44 204 2
44 37 1
44 161 1
149 6 1
149 133 1
149 106 1
149 189 1
149 194 1
149 193 1
45 2 1
45 39 2
45 181 9
45 155 4
45 189 1
45 127 1
45 19 4
45 151 1
45 157 1
45 116 3
45 92 2
45 161 1
110 3 8
110 4 6
110 7 6
110 102 3
110 122 2
110 137 1
110 103 1
110 104 1
110 144 2
110 145 5
110 126 1
110 106 2
110 127 2
110 146 1
110 16 1
110 147 1
110 148 1
110 111 1
110 129 2
110 53 2
110 27 5
110 168 3
110 132 2
110 120 1
110 160 3
110 97 2
111 3 6
111 6 1
111 7 1
111 13 1
111 137 1
111 198 1
111 141 4
111 142 3
111 134 1
111 148 3
111 277 1
111 276 1
111 110 1
112 3 2
112 4 2
112 14 1
112 202 3
112 145 1
113 3 2
113 13 1
113 138 1
113 156 2
113 142 4
113 181 5
113 144 1
113 145 3
113 41 3
113 108 1
113 127 4
113 15 1
113 277 2
113 43 2
113 18 1
113 218 2
113 50 1
113 28 1
113 33 1
113 211 1
113 121 2
113 158 1
150 6 1
150 41 1
150 127 1
150 194 1
167 13 5
167 106 1
167 208 1
167 41 1
167 42 1
167 15 1
167 129 2
167 53 2
167 34 9
167 74 2
167 280 1
167 90 4
167 213 4
167 91 7
167 193 6
167 38 1
216 181 1
216 155 1
216 217 1
216 53 5
216 25 1
216 74 4
216 213 1
217 181 29
217 216 1
217 68 1
217 69 3
217 70 1
217 77 8
217 78 2
217 132 2
217 36 4
217 227 1
217 228 1
217 239 1
217 240 1
217 241 4
217 242 15
217 259 9
217 261 15
46 2 2
46 3 4
46 14 2
46 180 2
46 108 2
46 42 1
46 17 4
46 43 1
46 18 4
46 51 4
46 129 1
46 52 2
46 157 2
46 53 2
46 211 1
46 204 1
46 74 4
46 85 1
46 87 1
46 221 1
46 280 2
46 225 5
46 90 7
46 209 2
46 213 2
46 91 8
46 278 2
46 95 1
46 96 1
46 172 1
47 2 1
47 4 3
47 6 10
47 7 12
47 125 5
47 134 1
47 151 3
47 152 1
47 10 1
47 116 1
165 101 3
165 133 12
165 177 1
165 18 1
165 19 13
165 136 2
165 218 2
165 23 3
165 175 8
18 1 1
18 2 1
18 3 1
18 178 2
18 41 1
18 148 2
18 17 4
18 43 5
18 113 1
18 46 4
18 165 1
18 21 1
18 50 2
18 168 3
18 89 1
18 163 1
18 94 1
19 1 4
19 4 4
19 8 2
19 12 13
19 133 7
19 134 6
19 45 4
19 165 13
19 136 6
19 218 7
19 21 4
19 50 7
19 175 7
19 168 3
19 29 1
19 30 2
19 116 4
19 34 1
19 221 2
19 163 10
136 5 1
136 6 1
136 8 2
136 9 1
136 101 1
136 133 6
136 125 2
136 108 5
136 44 1
136 165 2
136 19 6
136 151 3
136 20 5
136 153 2
136 23 1
136 157 3
136 116 4
136 281 1
136 221 1
136 280 3
136 11 1
218 181 4
218 196 5
218 113 2
218 165 2
218 19 7
218 157 1
218 28 3
218 116 3
218 130 1
218 279 1
218 282 6
151 6 12
151 9 2
151 125 1
151 134 1
151 45 1
151 47 3
151 136 3
151 114 1
151 152 2
151 20 8
151 48 3
151 153 6
151 49 2
151 210 2
151 29 1
151 281 3
151 280 3
114 3 1
114 40 1
114 199 1
114 42 1
114 147 2
114 17 3
114 43 4
114 44 1
114 151 1
114 48 1
114 129 3
114 203 1
114 27 5
114 154 1
152 6 4
152 7 4
152 47 1
152 151 2
152 20 6
152 22 12
152 24 9
152 283 11
152 29 6
152 281 3
152 221 1
20 1 9
20 3 4
20 4 1
20 6 7
20 8 1
20 9 2
20 134 4
20 166 5
20 136 5
20 151 8
20 152 6
20 153 4
20 210 3
20 50 1
20 203 2
20 27 4
20 116 2
20 281 7
20 34 1
20 221 1
48 2 5
48 4 2
48 6 2
48 43 3
48 44 3
48 151 3
48 114 1
48 49 1
48 50 3
48 115 5
48 51 1
48 52 3
48 203 9
48 34 1
48 284 1
48 221 2
48 209 2
153 6 1
153 197 1
153 43 2
153 136 2
153 151 6
153 20 4
153 210 1
153 281 2
153 221 2
153 280 1
49 2 2
49 3 1
49 6 2
49 9 1
49 13 1
49 17 3
49 43 7
49 151 2
49 48 1
49 53 5
49 27 1
49 211 1
49 74 7
49 132 5
49 194 3
49 35 2
49 36 2
49 280 4
49 11 1
49 209 4
49 96 1
49 231 1
210 140 1
210 181 4
210 196 3
210 15 4
210 151 2
210 20 3
210 153 1
210 116 2
210 280 2
210 279 5
210 282 3
21 1 11
21 14 5
21 18 1
21 19 4
21 22 6
21 23 7
21 24 1
21 25 2
21 29 4
21 31 2
21 32 10
21 33 14
21 211 6
21 130 7
21 221 3
21 278 1
50 2 1
50 3 1
50 133 1
50 102 5
50 14 1
50 197 2
50 15 1
50 146 3
50 43 3
50 113 1
50 18 2
50 19 7
50 20 1
50 48 3
50 22 7
50 175 1
50 52 11
50 203 12
50 24 3
50 26 2
50 27 1
50 28 1
50 168 14
50 219 2
50 29 3
50 31 1
50 34 1
50 285 1
50 35 3
50 36 5
50 185 1
50 94 1
50 97 1
22 1 2
22 12 4
22 14 3
22 152 12
22 21 6
22 50 7
22 52 1
22 203 4
22 24 2
22 162 3
22 25 3
22 283 2
22 30 1
22 31 1
22 281 3
23 1 5
23 13 2
23 133 4
23 14 2
23 178 1
23 17 6
23 165 3
23 136 1
23 21 7
23 115 2
23 51 4
23 168 1
23 33 1
23 34 2
23 221 1
115 3 1
115 13 72
115 14 1
115 17 1
115 43 3
115 44 1
115 48 5
115 23 2
115 51 4
115 129 3
115 52 5
115 53 4
115 26 6
115 34 3
115 130 1
115 54 1
115 55 2
115 56 2
115 59 1
115 60 1
115 62 3
115 63 2
115 64 6
115 65 4
115 66 3
115 69 1
115 70 1
115 73 7
115 74 6
115 75 3
115 77 1
115 79 1
115 80 3
115 82 1
115 83 2
115 85 1
115 87 6
115 221 3
115 222 1
115 35 1
115 88 1
115 280 1
115 11 1
115 94 10
115 96 1
115 99 1
115 172 1
115 100 1
115 174 4
51 2 72
51 4 1
51 101 1
51 102 1
51 14 4
51 42 1
51 17 3
51 43 1
51 46 4
51 48 1
51 23 4
51 115 4
51 52 2
51 157 1
51 53 6
51 26 14
51 130 1
51 204 1
51 54 1
51 55 2
51 56 2
51 59 1
51 60 1
51 62 3
51 63 2
51 64 6
51 65 4
51 66 3
51 69 1
51 70 1
51 73 2
51 74 2
51 75 3
51 131 6
51 77 1
51 79 1
51 80 3
51 82 1
51 83 2
51 85 6
51 222 1
51 35 1
51 88 24
51 11 1
51 89 2
51 90 6
51 91 6
51 121 1
51 93 1
51 94 2
51 96 1
51 286 1
51 100 1
129 4 4
129 13 2
129 14 1
129 180 2
129 17 1
129 43 5
129 44 1
129 110 2
129 167 2
129 46 1
129 114 3
129 115 3
129 157 2
129 53 4
129 27 1
129 34 2
129 212 1
129 130 1
129 73 1
129 74 3
129 131 1
129 221 2
129 280 4
129 223 5
129 11 1
129 90 4
129 209 2
129 91 3
129 93 1
175 133 3
175 14 2
175 17 1
175 166 1
175 165 8
175 19 7
175 50 1
175 34 1
175 221 2
175 163 1
52 2 2
52 39 1
52 40 1
52 104 1
52 17 1
52 43 2
52 46 2
52 48 3
52 50 11
52 22 1
52 115 5
52 51 2
52 203 11
52 157 3
52 24 4
52 53 2
203 197 10
203 114 1
203 20 2
203 48 9
203 50 12
203 22 4
203 52 11
203 24 3
203 31 4
203 281 1
203 284 3
203 285 11
203 212 7
203 204 4
203 209 2
157 8 1
157 17 1
157 45 1
157 46 2
157 136 3
157 218 1
157 51 1
157 129 2
157 52 3
157 211 2
157 130 2
157 280 4
157 223 5
157 224 1
157 11 1
157 225 11
157 89 6
157 278 1
157 286 1
157 287 1
157 288 1
24 1 1
24 12 5
24 152 9
24 21 1
24 50 3
24 22 2
24 52 4
24 203 3
24 29 2
24 30 2
24 31 2
24 284 2
53 2 37
53 3 3
53 4 1
53 13 7
53 180 1
53 277 2
53 17 4
53 43 16
53 110 2
53 167 2
53 216 5
53 46 2
53 49 5
53 115 4
53 51 6
53 129 4
53 52 2
53 116 9
53 54 1
53 57 2
53 63 1
53 71 5
53 72 3
53 169 3
53 74 4
53 78 2
53 85 1
53 132 1
53 222 7
53 11 1
53 209 1
53 213 4
53 121 4
53 214 2
53 94 2
53 95 2
53 96 1
53 215 4
53 98 28
53 241 4
53 242 1
53 99 13
53 172 2
53 100 6
53 173 2
53 243 1
53 244 4
53 245 1
53 246 5
53 247 3
53 248 2
162 12 7
162 22 3
162 25 6
162 163 5
25 1 2
25 5 3
25 102 1
25 202 1
25 216 1
25 21 2
25 22 3
25 162 6
25 32 1
283 152 11
283 22 2
283 10 5
283 281 9
26 1 2
26 2 18
26 13 13
26 41 3
26 42 3
26 17 4
26 43 5
26 50 2
26 115 6
26 51 14
26 116 1
26 74 1
26 94 2
26 97 1
27 1 16
27 7 1
27 13 2
27 39 2
27 181 4
27 144 2
27 145 1
27 15 5
27 146 2
27 16 3
27 17 2
27 43 5
27 110 5
27 114 5
27 20 4
27 49 1
27 50 1
27 129 1
27 28 5
27 116 1
27 34 1
27 280 1
27 209 4
27 185 2
27 170 12
27 92 4
27 120 2
27 278 1
27 160 3
28 1 2
28 13 5
28 113 1
28 218 3
28 50 1
28 27 5
28 168 3
28 219 9
28 154 2
28 160 1
28 282 5
28 95 2
168 13 1
168 102 1
168 39 1
168 181 4
168 144 1
168 145 3
168 15 5
168 16 5
168 148 1
168 17 2
168 43 3
168 110 3
168 18 3
168 19 3
168 50 14
168 23 1
168 28 3
168 219 1
168 221 2
168 185 1
168 170 5
168 92 6
168 120 2
168 278 2
168 160 3
219 181 5
219 15 4
219 50 2
219 28 9
219 168 1
219 116 1
219 75 1
219 79 1
219 80 1
219 118 4
219 119 1
219 224 2
219 225 1
219 37 2
219 226 1
219 94 1
10 0 3
10 7 2
10 102 1
10 197 1
10 202 1
10 47 1
10 283 5
10 29 2
29 1 7
29 6 1
29 12 12
29 19 1
29 151 1
29 152 6
29 21 4
29 50 3
29 24 2
29 10 2
29 30 1
29 31 4
29 281 1
29 284 2
29 163 4
30 1 1
30 12 2
30 19 2
30 22 1
30 24 2
30 29 1
30 31 2
30 33 2
116 3 8
116 4 6
116 6 2
116 101 1
116 13 3
116 133 1
116 180 3
116 15 1
116 17 1
116 166 2
116 45 3
116 47 1
116 19 4
116 136 4
116 218 3
116 20 2
116 210 2
116 53 9
116 26 1
116 27 1
116 219 1
116 71 3
116 72 1
116 169 61
116 74 4
116 78 1
116 86 63
116 222 1
116 11 4
116 170 1
116 92 1
116 120 1
116 214 3
116 160 1
116 94 1
116 286 2
116 287 2
116 215 1
116 38 3
116 171 3
116 98 3
116 241 2
116 242 2
116 173 5
116 288 7
116 174 5
31 1 1
31 12 14
31 13 1
31 133 2
31 21 2
31 50 1
31 22 1
31 203 4
31 24 2
31 29 4
31 30 2
31 284 1
281 136 1
281 151 3
281 152 3
281 20 7
281 153 2
281 22 3
281 203 1
281 283 9
281 29 1
281 285 1
281 209 2
32 1 3
32 21 10
32 25 1
32 33 1
32 130 2
32 163 1
33 1 3
33 113 1
33 21 14
33 23 1
33 30 2
33 32 1
33 289 5
33 211 4
33 130 4
33 221 1
34 1 1
34 12 1
34 181 24
34 17 1
34 44 1
34 167 9
34 19 1
34 20 1
34 48 1
34 50 1
34 23 2
34 115 3
34 129 2
34 175 1
34 27 1
34 290 1
34 212 2
34 204 2
34 60 1
34 66 2
34 67 1
34 72 1
34 75 1
34 82 1
34 83 1
34 87 3
34 221 4
34 223 2
34 225 2
34 90 2
34 209 4
34 234 5
34 235 5
34 236 3
34 174 2
34 263 1
34 265 1
284 48 1
284 203 3
284 24 2
284 29 2
284 31 1
289 33 5
289 211 14
211 202 1
211 113 1
211 46 1
211 49 1
211 21 6
211 157 2
211 33 4
211 289 14
211 130 1
211 132 1
211 221 3
211 35 1
211 36 1
211 223 1
211 224 1
211 225 2
211 160 1
211 226 1
211 96 1
211 286 2
211 287 2
211 265 1
290 34 1
290 285 4
290 212 13
290 204 2
290 221 1
285 50 1
285 203 11
285 281 1
285 290 4
285 212 4
285 204 3
212 202 1
212 129 1
212 203 7
212 34 2
212 290 13
212 285 4
212 132 1
212 35 1
212 36 1
212 280 2
212 223 1
212 224 1
212 89 1
212 209 1
212 120 1
212 226 1
212 96 1
212 236 3
130 4 1
130 202 2
130 43 2
130 218 1
130 21 7
130 115 1
130 51 1
130 129 1
130 157 2
130 32 2
130 33 4
130 211 1
130 280 1
130 223 1
130 225 4
130 278 1
130 121 1
204 197 2
204 202 1
204 44 2
204 46 1
204 51 1
204 203 4
204 34 2
204 290 2
204 285 3
204 221 1
204 223 2
204 225 3
204 209 1
54 2 1
54 3 5
54 4 5
54 13 1
54 181 1
54 17 1
54 43 1
54 115 1
54 51 1
54 53 1
54 62 1
54 74 1
54 132 1
54 224 1
54 229 1
55 2 4
55 13 4
55 181 15
55 17 2
55 43 2
55 115 2
55 51 2
55 68 1
55 238 16
55 241 1
55 249 2
56 2 9
56 13 9
56 181 15
56 115 2
56 51 2
56 64 1
56 69 1
56 70 1
56 78 2
56 228 16
56 238 2
56 241 1
57 2 3
57 3 2
57 4 2
57 13 3
57 181 15
57 53 2
57 63 1
57 74 2
57 119 1
57 229 1
58 2 2
58 3 1
58 4 1
58 13 2
58 181 15
58 17 2
58 43 2
58 64 1
58 117 18
58 119 4
58 215 1
59 2 2
59 13 2
59 181 15
59 17 2
59 43 2
59 115 1
59 51 1
59 71 1
59 117 2
59 230 16
60 2 4
60 13 4
60 181 15
60 17 1
60 43 1
60 115 1
60 51 1
60 34 1
60 65 1
60 221 1
60 222 1
60 230 2
60 232 16
61 2 2
61 13 2
61 181 15
61 17 2
61 43 2
61 66 1
61 222 1
61 232 2
61 250 16
62 2 4
62 3 12
62 4 12
62 13 4
62 181 10
62 115 3
62 51 3
62 54 1
62 119 1
62 224 1
62 213 2
62 226 2
63 2 4
63 3 6
63 4 6
63 13 4
63 181 29
63 115 2
63 51 2
63 53 1
63 57 1
63 74 1
63 132 1
63 117 6
63 119 23
63 224 1
63 226 1
64 2 9
64 3 4
64 4 4
64 13 9
64 181 29
64 115 6
64 51 6
64 56 1
64 58 1
64 65 1
64 117 23
64 230 6
64 231 3
65 2 12
65 3 1
65 4 1
65 13 12
65 181 29
65 115 4
65 51 4
65 60 1
65 64 1
65 66 1
65 230 23
65 232 6
65 250 1
65 256 3
66 2 9
66 13 9
66 181 29
66 17 1
66 43 1
66 115 3
66 51 3
66 34 2
66 61 1
66 65 1
66 67 1
66 221 1
66 250 23
66 252 1
66 257 1
67 2 2
67 13 2
67 181 29
67 34 1
67 66 1
67 68 1
67 249 1
67 253 1
67 254 23
67 257 3
68 2 7
68 13 7
68 181 29
68 217 1
68 55 1
68 67 1
68 69 1
68 228 1
68 238 23
68 258 2
69 2 14
69 13 14
69 181 29
69 217 3
69 115 1
69 51 1
69 56 1
69 68 1
69 70 1
69 78 3
69 36 2
69 227 1
69 96 2
69 228 23
69 286 1
70 2 5
70 13 5
70 180 1
70 181 29
70 217 1
70 115 1
70 51 1
70 56 1
70 69 1
70 78 5
70 227 1
70 228 23
70 239 1
70 288 6
71 2 2
71 3 2
71 4 2
71 13 3
71 180 1
71 181 22
71 53 5
71 116 3
71 59 1
71 74 5
71 117 1
71 230 9
71 231 4
71 232 22
71 250 7
71 256 9
72 2 2
72 13 2
72 181 22
72 53 3
72 116 1
72 34 1
72 74 3
72 232 1
72 250 9
72 251 1
72 252 22
72 253 1
72 254 7
72 257 4
72 258 9
73 2 4
73 13 10
73 115 7
73 51 2
73 129 1
73 74 1
73 78 2
73 88 1
73 91 1
73 99 1
73 172 1
73 173 1
169 13 2
169 180 2
169 53 3
169 116 61
169 86 2
169 194 4
169 225 1
169 120 22
169 214 11
169 160 4
169 237 1
74 2 10
74 3 3
74 4 2
74 13 36
74 180 2
74 276 1
74 17 9
74 43 6
74 167 2
74 216 4
74 46 4
74 49 7
74 115 6
74 51 2
74 129 3
74 53 4
74 26 1
74 116 4
74 54 1
74 57 2
74 63 1
74 71 5
74 72 3
74 73 1
74 78 3
74 85 3
74 86 3
74 132 1
74 222 7
74 11 3
74 89 4
74 90 2
74 209 1
74 213 6
74 91 2
74 121 2
74 93 2
74 96 1
74 215 4
74 193 2
74 171 28
74 241 4
74 242 1
74 100 3
74 288 8
74 174 1
74 243 1
74 244 4
74 245 1
74 246 5
74 247 3
74 248 2
75 2 1
75 3 8
75 4 8
75 13 1
75 180 1
75 115 3
75 51 3
75 219 1
75 34 1
75 79 1
75 132 5
75 221 1
131 4 17
131 13 2
131 51 6
131 129 1
131 132 7
131 194 1
76 2 10
76 13 10
76 181 10
76 17 1
76 43 1
76 77 1
76 237 1
76 258 8
77 2 14
77 13 14
77 181 10
77 217 8
77 115 1
77 51 1
77 76 1
77 78 2
77 96 2
77 228 2
77 238 3
78 2 2
78 13 2
78 181 14
78 217 2
78 53 2
78 116 1
78 56 2
78 69 3
78 70 5
78 73 2
78 74 3
78 77 2
78 84 12
78 93 1
78 227 3
78 241 4
78 242 1
78 99 2
78 172 1
78 100 1
78 173 1
78 288 1
79 2 3
79 3 2
79 4 2
79 13 3
79 181 10
79 115 1
79 51 1
79 219 1
79 75 1
79 80 1
79 118 1
79 119 3
79 224 1
79 226 8
79 233 1
80 2 4
80 3 5
80 4 5
80 13 4
80 181 31
80 115 3
80 51 3
80 219 1
80 79 1
80 81 1
80 117 2
80 119 3
80 226 18
80 231 11
81 2 4
81 3 1
81 4 1
81 13 4
81 181 10
81 17 1
81 43 1
81 80 1
81 82 1
81 230 1
81 231 8
82 2 6
82 13 6
82 181 10
82 115 1
82 51 1
82 34 1
82 81 1
82 83 1
82 230 3
82 232 2
82 256 8
83 2 4
83 3 1
83 4 1
83 13 4
83 181 10
83 115 2
83 51 2
83 34 1
83 82 1
83 220 1
83 221 1
83 256 8
84 2 2
84 13 2
84 181 8
84 78 12
84 265 1
85 2 12
85 13 3
85 180 1
85 46 1
85 115 1
85 51 6
85 53 1
85 74 3
85 88 1
85 172 1
85 288 1
86 2 2
86 180 3
86 116 63
86 169 2
86 74 3
86 194 4
86 223 1
86 120 4
86 214 1
86 160 22
86 237 1
86 174 5
87 2 2
87 3 17
87 46 1
87 115 6
87 34 3
87 194 1
87 221 3
132 4 1
132 181 6
132 17 1
132 43 1
132 110 2
132 217 2
132 49 5
132 53 1
132 211 1
132 212 1
132 54 1
132 63 1
132 74 1
132 75 5
132 131 7
132 36 2
132 223 2
132 225 1
132 89 4
132 90 4
132 91 4
132 226 1
132 93 1
132 227 3
132 236 1
132 265 1
220 181 10
220 17 1
220 43 1
220 83 1
220 250 3
220 252 2
220 257 8
220 260 1
117 3 1
117 4 1
117 181 25
117 17 1
117 43 1
117 58 18
117 59 2
117 63 6
117 64 23
117 71 1
117 80 2
117 90 2
117 91 2
117 229 22
117 215 9
117 231 1
117 233 6
117 236 1
194 138 1
194 200 1
194 277 1
194 276 1
194 183 1
194 207 1
194 17 6
194 43 6
194 149 1
194 150 1
194 49 3
194 169 4
194 131 1
194 86 4
194 87 1
194 36 5
194 89 3
194 90 2
194 91 2
194 120 5
194 214 1
194 160 5
194 94 3
194 96 2
194 291 1
194 292 1
194 171 1
194 98 1
194 293 1
194 294 1
194 295 1
221 181 25
221 43 1
221 46 1
221 19 2
221 136 1
221 152 1
221 20 1
221 48 2
221 153 2
221 21 3
221 23 1
221 115 3
221 129 2
221 175 2
221 168 2
221 33 1
221 34 4
221 211 3
221 290 1
221 204 1
221 60 1
221 66 1
221 75 1
221 83 1
221 87 3
221 225 7
221 278 3
221 95 4
221 234 2
221 235 10
221 296 2
222 181 22
222 115 1
222 51 1
222 53 7
222 116 1
222 60 1
222 61 1
222 74 7
222 230 1
222 232 9
222 250 22
222 252 7
222 256 4
222 257 9
35 1 1
35 2 7
35 8 6
35 9 5
35 13 5
35 102 1
35 17 1
35 49 2
35 50 3
35 115 1
35 51 1
35 211 1
35 212 1
35 36 6
35 89 2
35 185 4
35 120 2
35 37 2
35 160 1
35 235 2
35 264 2
88 2 7
88 13 7
88 115 1
88 51 24
88 73 1
88 85 1
88 90 4
88 91 3
88 96 1
36 1 2
36 3 1
36 4 1
36 8 2
36 9 3
36 181 5
36 134 1
36 196 1
36 166 1
36 217 4
36 49 2
36 50 5
36 211 1
36 212 1
36 69 2
36 132 2
36 194 5
36 35 6
36 185 4
36 120 7
36 37 2
36 160 7
36 96 1
36 235 1
36 239 1
36 264 2
118 3 6
118 4 6
118 181 10
118 219 4
118 79 1
118 224 5
118 226 8
119 3 1
119 4 1
119 181 8
119 219 1
119 57 1
119 58 4
119 62 1
119 63 23
119 79 3
119 80 3
119 226 1
119 229 9
119 215 1
119 233 8
119 236 1
280 166 2
280 43 2
280 167 1
280 46 2
280 136 3
280 151 3
280 153 1
280 49 4
280 210 2
280 115 1
280 129 4
280 157 4
280 27 1
280 212 2
280 130 1
280 223 5
280 224 1
280 209 1
280 95 1
280 286 1
223 181 2
223 17 1
223 43 8
223 129 5
223 157 5
223 34 2
223 211 1
223 212 1
223 130 1
223 204 2
223 86 1
223 132 2
223 280 5
223 225 9
223 90 1
223 91 1
223 96 2
223 228 1
223 235 1
223 264 1
224 181 8
224 157 1
224 219 2
224 211 1
224 212 1
224 54 1
224 62 1
224 63 1
224 79 1
224 118 5
224 280 1
224 226 2
224 229 1
224 234 1
224 236 1
224 263 1
11 0 2
11 2 3
11 5 2
11 6 2
11 13 5
11 133 3
11 108 1
11 17 4
11 43 5
11 136 1
11 49 1
11 115 1
11 51 1
11 129 1
11 157 1
11 53 1
11 116 4
11 74 3
11 89 2
225 181 2
225 17 5
225 46 5
225 157 11
225 219 1
225 34 2
225 211 2
225 130 4
225 204 3
225 169 1
225 132 1
225 221 7
225 223 9
225 209 1
225 96 3
225 228 1
225 286 3
225 235 1
225 264 1
89 2 2
89 4 1
89 8 2
89 13 2
89 17 5
89 43 6
89 18 1
89 51 2
89 157 6
89 212 1
89 74 4
89 132 4
89 194 3
89 35 2
89 11 2
89 278 3
89 160 1
89 96 1
89 231 1
90 2 6
90 4 3
90 181 7
90 43 3
90 167 4
90 46 7
90 51 6
90 129 4
90 34 2
90 74 2
90 132 4
90 117 2
90 194 2
90 88 4
90 223 1
90 209 1
90 91 9
90 226 2
90 93 3
90 227 1
90 95 4
90 96 3
90 230 4
90 231 1
90 234 2
90 236 1
90 239 1
90 293 2
209 199 1
209 17 1
209 43 16
209 46 2
209 48 2
209 49 4
209 129 2
209 203 2
209 53 1
209 27 4
209 281 2
209 34 4
209 212 1
209 204 1
209 74 1
209 280 1
209 225 1
209 90 1
209 91 1
213 180 3
213 42 3
213 277 1
213 17 6
213 43 5
213 167 4
213 216 1
213 46 2
213 53 4
213 62 2
213 74 6
213 120 1
213 214 1
213 95 3
91 2 6
91 4 3
91 181 7
91 43 3
91 167 7
91 46 8
91 51 6
91 129 3
91 73 1
91 74 2
91 132 4
91 117 2
91 194 2
91 88 3
91 223 1
91 90 9
91 209 1
91 226 2
91 227 1
91 95 1
91 96 3
91 230 4
91 231 1
91 234 2
91 236 1
91 293 2
91 172 3
163 12 4
163 18 1
163 19 10
163 175 1
163 162 5
163 29 4
163 32 1
154 6 2
154 133 5
154 39 1
154 137 1
154 138 2
154 181 5
154 143 1
154 145 1
154 41 1
154 196 1
154 146 2
154 147 3
154 114 1
154 28 2
185 39 1
185 181 4
185 145 2
185 50 1
185 27 2
185 168 1
185 35 4
185 36 4
185 170 2
185 120 1
185 160 3
170 13 15
170 104 1
170 16 6
170 166 2
170 27 12
170 168 5
170 116 1
170 185 2
170 158 3
92 2 11
92 42 1
92 146 6
92 45 2
92 27 4
92 168 6
92 116 1
92 161 3
120 3 2
120 4 1
120 8 1
120 9 4
120 200 1
120 145 1
120 15 1
120 17 1
120 110 1
120 27 2
120 168 2
120 116 1
120 212 1
120 169 22
120 86 4
120 194 5
120 35 2
120 36 7
120 213 1
120 185 1
120 37 1
120 214 12
37 1 1
37 8 1
37 181 5
37 144 6
37 145 1
37 15 1
37 44 1
37 219 2
37 35 2
37 36 2
37 120 1
37 160 4
37 97 1
278 41 1
278 17 10
278 43 1
278 46 2
278 21 1
278 157 1
278 27 1
278 168 2
278 130 1
278 221 3
278 89 3
278 121 2
121 3 1
121 122 1
121 141 1
121 127 3
121 113 2
121 51 1
121 53 4
121 130 1
121 74 2
121 278 2
121 95 5
121 97 2
214 180 2
214 53 2
214 116 3
214 169 11
214 86 1
214 194 1
214 213 1
214 120 12
214 160 1
160 9 1
160 180 1
160 42 1
160 146 1
160 16 2
160 147 1
160 166 1
160 110 3
160 27 3
160 28 1
160 168 3
160 116 1
160 211 1
160 169 4
160 86 22
160 194 5
160 35 1
160 36 7
160 89 1
160 185 3
160 37 4
160 214 1
226 181 29
226 219 1
226 211 1
226 212 1
226 62 2
226 63 1
226 79 8
226 80 18
226 132 1
226 118 8
226 119 1
226 224 2
226 90 2
226 91 2
226 229 4
226 215 1
226 233 19
226 236 2
226 263 1
93 2 1
93 51 1
93 129 1
93 74 2
93 78 1
93 132 1
93 90 3
93 293 3
93 172 2
227 181 8
227 217 1
227 69 1
227 70 1
227 78 3
227 132 3
227 90 1
227 91 1
227 265 1
279 15 3
279 218 1
279 210 5
282 218 6
282 210 3
282 28 5
94 2 4
94 3 3
94 4 2
94 13 10
94 42 4
94 17 4
94 43 2
94 18 1
94 50 1
94 115 10
94 51 2
94 53 2
94 26 2
94 219 1
94 116 1
94 194 3
95 2 2
95 202 1
95 192 1
95 41 5
95 46 1
95 53 2
95 28 2
95 221 4
95 280 1
95 90 4
95 213 3
95 91 1
95 121 5
96 2 1
96 4 1
96 13 3
96 17 4
96 46 1
96 49 1
96 115 1
96 51 1
96 53 1
96 211 1
96 212 1
96 69 2
96 74 1
96 77 2
96 194 2
96 88 1
96 36 1
96 223 2
96 225 3
96 89 1
96 90 3
96 91 3
96 286 7
96 287 4
228 181 8
228 217 1
228 56 16
228 68 1
228 69 23
228 70 23
228 77 2
228 223 1
228 225 1
228 241 7
228 265 1
286 51 1
286 157 1
286 116 2
286 211 2
286 69 1
286 280 1
286 225 3
286 96 7
286 287 11
286 99 5
286 100 4
287 157 1
287 116 2
287 211 2
287 96 4
287 286 11
287 99 1
287 100 5
229 181 22
229 54 1
229 57 1
229 117 22
229 119 9
229 224 1
229 226 4
229 230 7
230 181 25
230 59 16
230 60 2
230 64 6
230 65 23
230 71 9
230 81 1
230 82 3
230 222 1
230 90 4
230 91 4
230 229 7
230 215 22
230 231 1
230 234 2
230 236 2
215 180 1
215 181 22
215 53 4
215 116 1
215 58 1
215 74 4
215 117 9
215 119 1
215 226 1
215 230 22
215 231 4
215 232 7
231 181 29
231 49 1
231 64 3
231 71 4
231 80 11
231 81 8
231 117 1
231 89 1
231 90 1
231 91 1
231 230 1
231 215 4
231 233 1
231 234 4
231 236 4
231 243 15
231 244 6
231 265 1
232 181 25
232 60 16
232 61 2
232 65 6
232 71 22
232 72 1
232 82 2
232 222 9
232 215 7
232 236 4
232 256 1
158 8 1
158 148 1
158 166 2
158 113 1
158 170 3
161 9 1
161 156 1
161 16 1
161 148 1
161 44 1
161 45 1
161 92 3
233 181 23
233 79 1
233 117 6
233 119 8
233 226 19
233 231 1
233 234 1
234 181 10
234 34 5
234 221 2
234 224 1
234 90 2
234 91 2
234 230 2
234 231 4
234 233 1
234 236 1
234 263 1
97 2 3
97 3 1
97 13 2
97 40 1
97 110 2
97 50 1
97 26 1
97 37 1
97 121 2
193 137 1
193 103 1
193 106 1
193 149 1
193 167 6
193 74 2
38 1 2
38 13 2
38 14 1
38 159 2
38 156 1
38 17 5
38 43 4
38 167 1
38 116 3
291 194 1
292 194 1
235 181 10
235 34 5
235 221 10
235 35 2
235 36 1
235 223 1
235 225 1
235 236 1
235 264 3
235 265 1
236 181 8
236 34 3
236 212 3
236 132 1
236 117 1
236 119 1
236 224 1
236 90 1
236 91 1
236 226 2
236 230 2
236 231 4
236 232 4
236 234 1
236 235 1
236 293 1
236 250 3
236 252 5
236 256 4
236 257 10
236 263 2
236 264 1
237 181 30
237 169 1
237 76 1
237 86 1
237 249 2
237 254 3
237 258 8
237 260 1
171 13 27
171 116 3
171 74 28
171 194 1
171 98 2
98 2 27
98 53 28
98 116 3
98 194 1
98 171 2
238 181 8
238 55 16
238 56 2
238 68 23
238 77 3
238 241 22
238 258 1
238 265 1
239 181 1
239 217 1
239 70 1
239 36 1
239 90 1
240 181 1
240 217 1
293 194 1
293 90 2
293 91 2
293 93 3
293 236 1
293 172 3
241 181 22
241 217 4
241 53 4
241 116 2
241 55 1
241 56 1
241 74 4
241 78 4
241 228 7
241 238 22
241 249 9
241 254 1
242 181 18
242 217 15
242 53 1
242 116 2
242 74 1
242 78 1
99 2 6
99 13 9
99 115 1
99 53 13
99 73 1
99 78 2
99 286 5
99 287 1
99 100 2
172 13 1
172 46 1
172 115 1
172 53 2
172 73 1
172 78 1
172 85 1
172 91 3
172 93 2
172 293 3
100 2 7
100 13 7
100 115 1
100 51 1
100 53 6
100 74 3
100 78 1
100 286 4
100 287 5
100 99 2
173 13 1
173 53 2
173 116 5
173 73 1
173 78 1
173 288 1
288 157 1
288 116 7
288 70 6
288 74 8
288 78 1
288 85 1
288 173 1
296 221 2
174 13 5
174 115 4
174 116 5
174 34 2
174 74 1
174 86 5
243 181 18
243 53 1
243 74 1
243 231 15
244 181 18
244 53 4
244 74 4
244 231 6
244 256 15
245 181 18
245 53 1
245 74 1
245 256 15
246 181 18
246 53 5
246 74 5
246 256 6
246 257 15
247 181 18
247 53 3
247 74 3
247 257 15
248 181 18
248 53 2
248 74 2
248 257 6
248 258 15
249 181 25
249 55 2
249 67 1
249 237 2
249 241 9
249 255 16
249 258 1
249 259 7
249 265 1
250 181 25
250 61 16
250 65 1
250 66 23
250 71 7
250 72 9
250 220 3
250 222 22
250 236 3
250 251 2
250 256 1
250 259 1
251 181 15
251 72 1
251 250 2
251 252 16
252 181 25
252 66 1
252 72 22
252 220 2
252 222 7
252 236 5
252 251 16
252 253 2
252 257 1
252 259 9
252 265 1
253 181 15
253 67 1
253 72 1
253 252 2
253 254 16
254 181 25
254 67 23
254 72 7
254 237 3
254 241 1
254 253 16
254 255 2
254 257 1
254 259 22
254 265 1
255 181 15
255 249 16
255 254 2
255 259 1
256 181 29
256 65 3
256 71 9
256 82 8
256 83 8
256 222 4
256 232 1
256 236 4
256 244 15
256 245 15
256 246 6
256 250 1
256 265 1
257 181 29
257 66 1
257 67 3
257 72 4
257 220 8
257 222 9
257 236 10
257 246 15
257 247 15
257 248 6
257 252 1
257 254 1
257 260 8
257 264 2
257 265 1
258 181 29
258 68 2
258 72 9
258 76 8
258 237 8
258 238 1
258 248 15
258 249 1
258 259 4
258 261 6
258 262 15
258 265 1
259 181 22
259 217 9
259 249 7
259 250 1
259 252 9
259 254 22
259 255 1
259 258 4
260 181 10
260 220 1
260 237 1
260 257 8
261 181 18
261 217 15
261 258 6
262 181 18
262 258 15
263 181 4
263 34 1
263 224 1
263 226 1
263 234 1
263 236 2
264 181 8
264 35 2
264 36 2
264 223 1
264 225 1
264 235 3
264 236 1
264 257 2
265 181 11
265 34 1
265 211 1
265 84 1
265 132 1
265 227 1
265 228 1
265 231 1
265 235 1
265 238 1
265 249 1
265 252 1
265 254 1
265 256 1
265 257 1
265 258 1
266 181 1
267 181 1
268 181 1
269 181 1
270 181 1
271 181 1
272 181 1
273 181 1
274 181 1
275 181 1
294 194 1
295 194 1
